image: /home/ucar/ucar_ws/src/ucar_map/maps/map04182.pgm
resolution: 0.050000
origin: [-4.166957, -3.627341, 0.000000]
negate: 0
occupied_thresh: 0.65
free_thresh: 0.196

