image: /home/ucar/ucar_ws/src/ucar_map/maps/nav07.13_5.pgm
resolution: 0.050000
origin: [-0.891105, -6.794398, 0.000000]
negate: 0
occupied_thresh: 0.65
free_thresh: 0.196

